new
CompletedProcess(args='CubicalRipser.exe --output d:/ml/ipf/PHn.npy d:/ml/ipf/img.npy', returncode=0)
elapsed_time:288.58027482032776 sec

#0-cycle 499580, #1-cycle 759479, #2-cycle 170526
[[    0. -1286. -1266.   262.   164.    96.]
 [    0. -1285. -1263.   190.    78.   216.]
 [    0. -1268. -1263.   322.   128.   133.]
 [    0. -1292. -1263.   167.   298.   112.]
 [    0. -1265. -1260.   311.   156.   332.]]
[[1.000e+00 1.412e+03 1.420e+03 2.910e+02 5.400e+01 1.650e+02]
 [1.000e+00 1.170e+03 1.182e+03 1.750e+02 5.500e+01 2.400e+02]
 [1.000e+00 1.130e+03 1.153e+03 2.880e+02 5.200e+01 1.660e+02]
 [1.000e+00 1.125e+03 1.132e+03 2.900e+02 5.300e+01 1.630e+02]
 [1.000e+00 1.121e+03 1.226e+03 1.770e+02 5.400e+01 2.400e+02]]
[[   2. 1624. 1641.  271.  122.  216.]
 [   2. 1556. 1639.  293.   55.  165.]
 [   2. 1495. 1548.  295.   56.  163.]
 [   2. 1465. 1547.  252.   41.  242.]
 [   2. 1455. 1572.  206.   43.  271.]]

CompletedProcess(args='CubicalRipser.exe --output d:/ml/ipf/PH.npy d:/ml/ipf/img.npy', returncode=0)
elapsed_time:247.2022442817688 sec
(loop x,y,z,m)


CompletedProcess(args='CR3.exe --output d:/ml/ipf/PH3.npy d:/ml/ipf/img.npy', returncode=0)
elapsed_time:257.02488255500793 sec

#0-cycle 499579, #1-cycle 759479, #2-cycle 170526
[[    0. -1286. -1266.   263.   165.    97.]
 [    0. -1285. -1263.   191.    79.   217.]
 [    0. -1268. -1263.   323.   129.   134.]
 [    0. -1292. -1263.   168.   299.   113.]
 [    0. -1265. -1260.   312.   157.   333.]]
[[1.000e+00 1.412e+03 1.420e+03 2.920e+02 5.500e+01 1.660e+02]
 [1.000e+00 1.170e+03 1.182e+03 1.760e+02 5.600e+01 2.410e+02]
 [1.000e+00 1.130e+03 1.153e+03 2.890e+02 5.300e+01 1.670e+02]
 [1.000e+00 1.125e+03 1.132e+03 2.910e+02 5.400e+01 1.640e+02]
 [1.000e+00 1.121e+03 1.226e+03 1.780e+02 5.500e+01 2.410e+02]]
[[   2. 1624. 1641.  272.  123.  217.]
 [   2. 1556. 1639.  294.   56.  166.]
 [   2. 1495. 1548.  296.   57.  164.]
 [   2. 1465. 1547.  253.   42.  243.]
 [   2. 1455. 1572.  207.   44.  272.]]


CompletedProcess(args='CubicalRipser.exe --output d:/ml/ipf/PH300.npy d:/ml/ipf/vol300.npy', returncode=0)
elapsed_time:82.90694522857666 sec

#0-cycle 284727, #1-cycle 426827, #2-cycle 93458
[[    0. -1286. -1266.   262.   164.    96.]
 [    0. -1285. -1263.   190.    78.   216.]
 [    0. -1292. -1263.   167.   298.   112.]
 [    0. -1268. -1258.   275.   162.   152.]
 [    0. -1266. -1256.   229.    80.   127.]]
[[1.000e+00 1.412e+03 1.420e+03 2.910e+02 5.400e+01 1.650e+02]
 [1.000e+00 1.170e+03 1.182e+03 1.750e+02 5.500e+01 2.400e+02]
 [1.000e+00 1.130e+03 1.153e+03 2.880e+02 5.200e+01 1.660e+02]
 [1.000e+00 1.125e+03 1.132e+03 2.900e+02 5.300e+01 1.630e+02]
 [1.000e+00 1.121e+03 1.226e+03 1.770e+02 5.400e+01 2.400e+02]]
[[   2. 1624. 1641.  271.  122.  216.]
 [   2. 1556. 1639.  293.   55.  165.]
 [   2. 1495. 1548.  295.   56.  163.]
 [   2. 1465. 1547.  252.   41.  242.]
 [   2. 1455. 1572.  206.   43.  271.]]

CompletedProcess(args='CubicalRipser.exe --output d:/ml/ipf/PH300.npy d:/ml/ipf/vol300.npy', returncode=0)
elapsed_time:81.59150886535645 sec